data,stato,codice_regione,denominazione_regione,lat,long,ricoverati_con_sintomi,terapia_intensiva,totale_ospedalizzati,isolamento_domiciliare,totale_positivi,variazione_totale_positivi,nuovi_positivi,dimessi_guariti,deceduti,casi_da_sospetto_diagnostico,casi_da_screening,totale_casi,tamponi,casi_testati,note,ingressi_terapia_intensiva,note_test,note_casi,totale_positivi_test_molecolare,totale_positivi_test_antigenico_rapido,tamponi_test_molecolare,tamponi_test_antigenico_rapido,codice_nuts_1,codice_nuts_2
2021-01-30T17:00:00,ITA,13,Abruzzo,42.35122196,13.39843823,389,43,432,9685,10117,49,385,30865,1462,,,42444,675378,346911,,6,,,42444,0,617195,58183,ITF,ITF1
2021-01-30T17:00:00,ITA,17,Basilicata,40.63947052,15.80514834,70,2,72,5680,5752,-384,70,7125,325,,,13202,210951,129285,"DA PIATTAFORMA REGIONALE E' IN CORSO VERIFICA E VALIDAZIONE  DEL NUMERO TOTALE DEI GUARITI DELLA REGIONE BASILICATA. IL NUMERO TOTALE DEI DECESSI COMPRENDE 10 DI SOGGETTI NON RESIDENTI, DECEDUTI  IN STRUTTURE OSPEDALIERE DELLA REGIONE BASILICATA. ",0,,,13202,0,209243,1708,ITF,ITF5
2021-01-30T17:00:00,ITA,18,Calabria,38.90597598,16.59440194,272,18,290,8605,8895,-134,225,23071,588,,,32554,515406,487876,,1,,,32548,6,512796,2610,ITF,ITF6
2021-01-30T17:00:00,ITA,15,Campania,40.83956555,14.25084984,1435,92,1527,60129,61656,14,1366,155381,3747,,,220784,2415127,1598390,,12,,,219501,1283,2391219,23908,ITF,ITF3
2021-01-30T17:00:00,ITA,08,Emilia-Romagna,44.49436681,11.341720800000001,2124,203,2327,44032,46359,-986,1314,161564,9454,,,217377,3090178,1354289,"A seguito di verifica, sono stati eliminati 2 casi, positivi a test antigenico ma non confermati da tampone molecolare",15,,,217323,54,2978096,112082,ITH,ITH5
2021-01-30T17:00:00,ITA,06,Friuli Venezia Giulia,45.6494354,13.76813649,596,57,653,10641,11294,-77,415,53466,2378,,,67138,1142473,415009,,3,,,64737,2401,1107990,34483,ITH,ITH4
2021-01-30T17:00:00,ITA,12,Lazio,41.89277044,12.48366722,2407,282,2689,61106,63795,-442,1138,135765,4945,,,204505,3318818,2364920,,15,,,203503,1002,3071318,247500,ITI,ITI4
2021-01-30T17:00:00,ITA,07,Liguria,44.41149315,8.9326992,588,62,650,3745,4395,90,255,61625,3341,,,69361,855992,375966,in Regione Liguria la positività al test antigenico rapido è seguita da conferma con test molecolare.,0,,,69361,0,817538,38454,ITC,ITC3
2021-01-30T17:00:00,ITA,03,Lombardia,45.46679409,9.190347404,3454,377,3831,46310,50141,627,1832,459401,27074,,,536616,5640919,2829643,,19,,,535301,1315,5510184,130735,ITC,ITC4
2021-01-30T17:00:00,ITA,11,Marche,43.61675973,13.5188753,542,71,613,8547,9160,153,465,44010,1955,,,55125,685976,412859,,3,,,55125,0,661459,24517,ITI,ITI3
2021-01-30T17:00:00,ITA,14,Molise,41.55774754,14.65916051,54,8,62,1053,1115,44,83,6879,267,,,8261,136872,124044,,0,,,8261,0,136674,198,ITF,ITF2
2021-01-30T17:00:00,ITA,21,P.A. Bolzano,46.49933453,11.35662422,216,32,248,15083,15331,469,640,23500,869,,,39700,492413,178834,,2,,,35711,3989,422081,70332,ITH,ITH1
2021-01-30T17:00:00,ITA,22,P.A. Trento,46.06893511,11.12123097,173,35,208,2257,2465,94,230,23781,1146,,,27392,526484,161358,,1,,,25416,1976,509549,16935,ITH,ITH2
2021-01-30T17:00:00,ITA,01,Piemonte,45.0732745,7.680687483,2127,150,2277,10105,12382,-155,727,201344,8833,,,222559,2063546,1095712,,14,,,220686,1873,1878337,185209,ITC,ITC1
2021-01-30T17:00:00,ITA,16,Puglia,41.12559576,16.86736689,1389,163,1552,50605,52157,-121,871,66502,3179,,,121838,1304490,759030,,7,,,121445,393,1285290,19200,ITF,ITF4
2021-01-30T17:00:00,ITA,20,Sardegna,39.21531192,9.110616306,450,39,489,15462,15951,-136,229,21438,981,,,38370,578012,475909,,2,,Si segnala il decesso dei paz.:  - 1 donna 87 aa Residente nella Città Metropolitana di Cagliari  - 1 donna 92 aa Residente nella Provincia del Sud Sardegna  - 1 uomo 91 aa Residente nella Città Metropolitana di Cagliari  - 1 uomo 66 aa Residente nella Provincia di Sassari  - 1 donna 84 aa Residente nella Provincia di Sassari,38368,2,568125,9887,ITG,ITG2
2021-01-30T17:00:00,ITA,19,Sicilia,38.11569725,13.362356699999998,1345,208,1553,41315,42868,-1399,846,89076,3443,,,135387,1751609,980665,,8,,,135387,0,1498199,253410,ITG,ITG1
2021-01-30T17:00:00,ITA,09,Toscana,43.76923077,11.25588885,648,95,743,8340,9083,81,603,120669,4194,,,133946,2223132,1188245,,1,,,133853,93,2141135,81997,ITI,ITI1
2021-01-30T17:00:00,ITA,10,Umbria,43.10675841,12.38824698,346,55,401,5110,5511,34,228,29474,772,,,35757,623158,282438,"Si fa presente come un ricovero (in terapia intensiva), è un  soggetto positivo con tampone c/o Regione Lazio, quindi non rientrante tra i nuovi positivi della Regione Umbria. A tal riguardo il corretto numero di isolati presso la nostra Regione è di 5111",6,,,35757,0,591529,31629,ITI,ITI2
2021-01-30T17:00:00,ITA,02,Valle d'Aosta,45.73750286,7.320149366,35,4,39,209,248,-5,1,7129,404,,,7781,69831,41402,,1,,,7781,0,68965,866,ITC,ITC2
2021-01-30T17:00:00,ITA,05,Veneto,45.43490485,12.33845213,1438,222,1660,33017,34677,-2288,792,268087,8922,,,311686,4132597,1320747,Nei valori riportati per le terapie intensive si è verificato un disallineamento temporale del flusso informativo pertanto per convenzione è stato riportato n. 18 dimissioni da TI invece delle 15 effettive che includono anche i negativizzati.,16,,,310348,1338,3741618,390979,ITH,ITH3
